================================================================================
RASTRIGIN N=1
--------------------------------------------------------------------------------
Simulated Annealing
Best Solution:  [3.01906664e-05]  Fitness:  1.8082969432953178e-07
--------------------------------------------------------------------------------
Thermodynamic Simulated Annealing
Parameter Search Results
           0.1       0.2       0.3       0.4       0.5       0.6       0.7  \
0.01  0.001159  0.000422  0.000628  0.000749  0.002557  0.000049  0.000300   
0.05  0.000591  0.000513  0.000232  0.000527  0.000881  0.000528  0.000700   
0.10  0.000507  0.000861  0.000369  0.000273  0.000263  0.000727  0.000109   
0.20  0.001331  0.000598  0.000485  0.000583  0.002103  0.000415  0.000334   
0.50  0.000137  0.000783  0.000536  0.000845  0.000275  0.002987  0.000864   
0.75  0.000711  0.000562  0.001076  0.000078  0.000466  0.001091  0.000779   
0.90  0.000346  0.000087  0.000467  0.000395  0.000904  0.000948  0.000388   

           0.8       0.9  
0.01  0.001220  0.000282  
0.05  0.000296  0.000167  
0.10  0.000150  0.001196  
0.20  0.000147  0.000084  
0.50  0.000540  0.002209  
0.75  0.000318  0.002722  
0.90  0.000400  0.000039  
================================================================================
RASTRIGIN N=5
--------------------------------------------------------------------------------
Simulated Annealing
Best Solution:  [-0.98612606 -0.08939505  0.04750247 -0.93270033  0.80993745]  Fitness:  11.728326505532436
--------------------------------------------------------------------------------
Thermodynamic Simulated Annealing
Parameter Search Results
           0.1        0.2        0.3        0.4        0.5       0.6  \
0.01  9.511335   8.705749  10.756091  10.684903  10.167726  8.839370   
0.05  6.529572   9.566788  12.421300  10.196820   8.231566  9.345781   
0.10  9.063248   8.626798   9.076499   6.689089   9.269072  9.033365   
0.20  7.589676   9.316425   7.519416   8.221788   9.557827  9.801636   
0.50  8.681920   8.254630   9.637438   8.247970   8.345734  9.271545   
0.75  7.151443  10.354522   7.358971   7.826370   9.998942  9.224396   
0.90  8.367125  11.401565   7.751115   8.600581   9.255814  7.942659   

            0.7        0.8        0.9  
0.01   6.095910   7.488558  10.157026  
0.05   7.527875   8.621053  12.471353  
0.10   9.181662   8.134425  10.034287  
0.20   6.225300   7.136673  11.368576  
0.50  10.906420   9.897497   7.674379  
0.75   8.203989  12.124271  10.821036  
0.90   9.994985   8.606581   9.411858  
================================================================================
RASTRIGIN N=10
--------------------------------------------------------------------------------
Simulated Annealing
Best Solution:  [ 0.97202097  1.18119003 -2.93270094 -0.00873902 -2.18245714  2.13156551
 -0.15941108 -0.06221942  0.88248888  0.03578704]  Fitness:  45.24670693486989
--------------------------------------------------------------------------------
Thermodynamic Simulated Annealing
Parameter Search Results
            0.1        0.2        0.3        0.4        0.5        0.6  \
0.01  54.052858  47.850349  46.424149  39.502769  44.596021  42.520113   
0.05  43.916428  42.447836  42.153280  48.436959  46.464468  39.087172   
0.10  47.386133  50.606137  47.270396  43.342922  42.651240  41.382263   
0.20  38.682232  44.870732  48.123001  47.039292  42.833974  42.530274   
0.50  48.628304  42.373356  43.852567  56.312241  46.388095  44.767286   
0.75  37.772828  35.204609  42.844655  40.218542  48.203113  44.593914   
0.90  44.496976  41.184607  43.172281  41.472120  41.359870  45.902085   

            0.7        0.8        0.9  
0.01  45.082200  48.370319  40.493930  
0.05  52.233650  42.360524  45.762728  
0.10  42.713145  39.619340  40.949793  
0.20  43.826383  44.904981  43.337094  
0.50  40.176372  47.688415  46.300982  
0.75  43.796399  36.749902  35.329799  
0.90  40.014312  42.557619  55.116805  
